36,5
36,4
36,1
36,3
33,1
33,3
24,10
24,11
24,13
24,14
24,16
24,17
24,18
24,22
77,35
3,2
3,1
3,3
10,204
10,124
10,246
10,182
10,82
10,170
10,272
10,2
10,3
11,16
9,7
9,6
9,1
9,4
8,6
8,5
8,13
8,17
8,7
50,3
50,1
42,5
42,3
42,1
32,4
32,3
32,1
30,3
30,1
29,3
29,1
28,3
28,1
27,3
27,1
26,3
26,1
25,3
25,1
24,21
24,20
24,15
24,12
24,9
24,8
24,3
24,1
20,3
20,2
20,1
19,3
19,2
19,1
12,3
12,2
12,1
11,27
11,26
11,25
11,24
11,23
11,22
11,21
11,20
11,19
11,18
11,17
11,15
11,14
11,13
11,12
11,11
11,10
18,1
11,9
11,8
11,7
11,6
11,5
18,3
11,4
11,3
11,2
11,1
10,309
10,308
10,307
10,306
10,305
10,304
10,303
10,302
10,301
10,300
10,299
10,298
10,297
10,296
10,295
10,294
10,293
10,292
10,291
10,290
10,289
10,288
